cmd.enable('obj06',1)
rotate [1,0,0],10, obj06
_ set_view (\
_    -0.999161363,    0.014990926,   -0.036939178,\
_    -0.037437148,   -0.034629487,    0.998683453,\
_     0.013689387,    0.999259949,    0.035175011,\
_     0.000000000,    0.000000000, -315.622192383,\
_    -6.065554619,   77.372543335,  100.407913208,\
_   281.108367920,  350.136138916,  -20.000000000 )
cmd.enable('2HU4',1)
cmd.create(None,"2HU4")
cmd.disable('obj06')
rotate [1,0,0],-10, obj07
_ set_view (\
_    -0.999161363,    0.014990926,   -0.036939178,\
_    -0.037437148,   -0.034629487,    0.998683453,\
_     0.013689387,    0.999259949,    0.035175011,\
_     0.000000000,    0.000000000, -277.955261230,\
_    -6.065554619,   77.372543335,  100.407913208,\
_   243.441314697,  312.469116211,  -20.000000000 )
cmd.disable('2HU4')
cmd.disable('obj07')
cmd.enable('obj07',1)
rotate [0,1,0],-5,obj07
_ set_view (\
_    -0.999940157,    0.005375511,    0.001125221,\
_     0.000783311,   -0.063981518,    0.997932732,\
_     0.005434416,    0.997908056,    0.063986994,\
_    -0.000591823,   -0.005252235, -330.769622803,\
_    -7.729597092,   76.698356628,  111.852149963,\
_   296.169586182,  365.197418213,  -20.000000000 )
rotate [0,1,0],10,obj07
_ set_view (\
_    -0.999940157,    0.005375511,    0.001125221,\
_     0.000783311,   -0.063981518,    0.997932732,\
_     0.005434416,    0.997908056,    0.063986994,\
_    -0.000591823,   -0.005252235, -330.769622803,\
_    -7.729597092,   76.698356628,  111.852149963,\
_   296.169586182,  365.197418213,  -20.000000000 )
cmd.enable('obj06',1)
cmd.disable('obj06')
cmd.disable('obj07')
cmd.enable('2HU4',1)
cmd.create(None,"2HU4")
origin grid_center
rotate [1,0,0],-10, obj08
_ set_view (\
_    -0.999940157,    0.005375511,    0.001125221,\
_     0.000783311,   -0.063981518,    0.997932732,\
_     0.005434416,    0.997908056,    0.063986994,\
_     0.139561877,   22.973371506, -329.597198486,\
_    -6.079999924,   77.379997253,  123.430000305,\
_   296.563903809,  365.591644287,  -20.000000000 )
cmd.disable('2HU4')
rotate [0,1,0],5,obj08
_ set_view (\
_    -0.998129010,    0.047137391,    0.037794493,\
_     0.038983863,    0.024453269,    0.998920262,\
_     0.046162792,    0.998562336,   -0.026234386,\
_    -0.000578396,   -0.005771804, -288.326568604,\
_    -6.864731789,   77.243690491,  121.014411926,\
_   243.577621460,  335.453796387,  -20.000000000 )
cmd.disable('obj08')
cmd.enable('obj08',1)
rotate [0,1,0],5,obj08
_ set_view (\
_    -0.999419689,    0.018562518,    0.027096121,\
_     0.027106637,    0.000037502,    0.999610960,\
_     0.018555574,    0.999800801,   -0.000529144,\
_    -0.000932981,   -0.004777528, -268.719268799,\
_    -9.258126259,   76.819168091,  104.574806213,\
_   180.304931641,  359.345245361,  -20.000000000 )
_special 102,326,277,0
rotate [0,1,0],-10,obj08
_ set_view (\
_    -0.999419689,    0.018562518,    0.027096121,\
_     0.027106637,    0.000037502,    0.999610960,\
_     0.018555574,    0.999800801,   -0.000529144,\
_    -0.000932981,   -0.004777528, -268.719268799,\
_    -9.258126259,   76.819168091,  104.574806213,\
_   180.304931641,  359.345245361,  -20.000000000 )
cmd.disable('obj08')
cmd.enable('obj08',1)
rotate [1,0,0],-10, obj08
_ set_view (\
_    -0.999730766,    0.020959407,    0.003777695,\
_     0.003250008,   -0.025357576,    0.999649584,\
_     0.021048989,    0.999432087,    0.025294898,\
_    -0.000206362,   -0.004373571, -295.126312256,\
_    -5.380162239,   76.725456238,  100.948890686,\
_   206.541351318,  385.581512451,  -20.000000000 )
cmd.disable('M_plane')
cmd.enable('M_plane',1)
cmd.drag("M_plane")
refresh_wizard
cmd.get_wizard().do_dirty()
cmd.get_wizard().do_dirty()
cmd.get_wizard().do_dirty()
cmd.get_wizard().do_dirty()
cmd.get_wizard().do_dirty()
cmd.get_wizard().do_dirty()
cmd.get_wizard().do_dirty()
cmd.get_wizard().do_dirty()
cmd.get_wizard().do_dirty()
cmd.get_wizard().do_dirty()
cmd.get_wizard().do_dirty()
cmd.get_wizard().do_dirty()
cmd.get_wizard().do_dirty()
cmd.get_wizard().do_dirty()
cmd.get_wizard().do_dirty()
cmd.get_wizard().do_dirty()
cmd.get_wizard().do_dirty()
cmd.get_wizard().do_dirty()
cmd.get_wizard().do_dirty()
cmd.get_wizard().do_dirty()
cmd.get_wizard().do_dirty()
cmd.get_wizard().do_dirty()
cmd.get_wizard().do_dirty()
cmd.get_wizard().do_dirty()
cmd.get_wizard().do_dirty()
cmd.get_wizard().do_dirty()
cmd.get_wizard().do_dirty()
cmd.get_wizard().do_dirty()
cmd.get_wizard().do_dirty()
cmd.get_wizard().do_dirty()
cmd.get_wizard().do_dirty()
cmd.get_wizard().do_dirty()
cmd.get_wizard().do_dirty()
cmd.get_wizard().do_dirty()
cmd.get_wizard().do_dirty()
cmd.get_wizard().do_dirty()
cmd.get_wizard().do_dirty()
cmd.get_wizard().do_dirty()
cmd.get_wizard().do_dirty()
cmd.get_wizard().do_dirty()
cmd.get_wizard().do_dirty()
cmd.get_wizard().do_dirty()
cmd.get_wizard().do_dirty()
cmd.get_wizard().do_dirty()
cmd.get_wizard().do_dirty()
cmd.get_wizard().do_dirty()
cmd.get_wizard().do_dirty()
cmd.get_wizard().do_dirty()
cmd.get_wizard().do_dirty()
cmd.get_wizard().do_dirty()
cmd.get_wizard().do_dirty()
cmd.get_wizard().do_dirty()
cmd.get_wizard().do_dirty()
cmd.get_wizard().do_dirty()
cmd.get_wizard().do_dirty()
cmd.get_wizard().do_dirty()
cmd.get_wizard().do_dirty()
cmd.get_wizard().do_dirty()
cmd.get_wizard().do_dirty()
cmd.get_wizard().do_dirty()
cmd.get_wizard().do_dirty()
cmd.get_wizard().do_dirty()
cmd.get_wizard().do_dirty()
cmd.get_wizard().do_dirty()
cmd.get_wizard().do_dirty()
cmd.get_wizard().do_dirty()
cmd.get_wizard().do_dirty()
cmd.get_wizard().do_dirty()
cmd.get_wizard().do_dirty()
cmd.get_wizard().do_dirty()
cmd.get_wizard().do_dirty()
cmd.get_wizard().do_dirty()
cmd.get_wizard().do_dirty()
cmd.get_wizard().do_dirty()
cmd.get_wizard().do_dirty()
cmd.get_wizard().do_dirty()
cmd.get_wizard().do_dirty()
cmd.get_wizard().do_dirty()
cmd.get_wizard().do_dirty()
cmd.get_wizard().do_dirty()
cmd.get_wizard().do_dirty()
cmd.get_wizard().do_dirty()
cmd.get_wizard().do_dirty()
cmd.get_wizard().do_dirty()
cmd.get_wizard().do_dirty()
cmd.get_wizard().do_dirty()
cmd.get_wizard().do_dirty()
cmd.get_wizard().do_dirty()
cmd.get_wizard().do_dirty()
cmd.get_wizard().do_dirty()
cmd.get_wizard().do_dirty()
cmd.get_wizard().do_dirty()
cmd.reset(object="M_plane")
cmd.get_wizard().do_dirty()
cmd.get_wizard().do_dirty()
cmd.get_wizard().do_dirty()
cmd.get_wizard().do_dirty()
cmd.get_wizard().do_dirty()
cmd.get_wizard().do_dirty()
cmd.get_wizard().do_dirty()
cmd.get_wizard().do_dirty()
cmd.get_wizard().do_dirty()
cmd.get_wizard().do_dirty()
cmd.get_wizard().do_dirty()
cmd.get_wizard().do_dirty()
cmd.get_wizard().do_dirty()
cmd.get_wizard().do_dirty()
cmd.get_wizard().do_dirty()
cmd.get_wizard().do_dirty()
cmd.get_wizard().do_dirty()
cmd.get_wizard().do_dirty()
cmd.get_wizard().do_dirty()
cmd.get_wizard().do_dirty()
cmd.get_wizard().do_dirty()
cmd.get_wizard().do_dirty()
cmd.get_wizard().do_dirty()
cmd.get_wizard().do_dirty()
cmd.get_wizard().do_dirty()
cmd.get_wizard().do_dirty()
cmd.get_wizard().do_dirty()
cmd.get_wizard().do_dirty()
cmd.get_wizard().do_dirty()
cmd.get_wizard().do_dirty()
cmd.get_wizard().do_dirty()
cmd.get_wizard().do_dirty()
cmd.get_wizard().do_dirty()
cmd.get_wizard().do_dirty()
cmd.get_wizard().do_dirty()
cmd.get_wizard().do_dirty()
cmd.get_wizard().do_dirty()
cmd.edit()
cmd.get_wizard().do_dirty()
cmd.set_wizard()
cmd.mouse('forward')
cmd.mouse('forward')
_ set_view (\
_    -0.999451280,   -0.006306781,    0.031184409,\
_     0.031384103,   -0.033713888,    0.998914838,\
_    -0.005247605,    0.999383450,    0.033907156,\
_    -0.000029393,   -0.005198486, -322.695526123,\
_    -4.223050594,   76.352546692,  112.409225464,\
_   203.655578613,  441.958129883,  -20.000000000 )
_ set_view (\
_    -0.999451280,   -0.006306781,    0.031184409,\
_     0.031384103,   -0.033713888,    0.998914838,\
_    -0.005247605,    0.999383450,    0.033907156,\
_    -0.000029393,   -0.005198486, -322.695526123,\
_    -4.223050594,   76.352546692,  112.409225464,\
_   203.655578613,  441.958129883,  -20.000000000 )
_ set_view (\
_    -0.999451280,   -0.006306781,    0.031184409,\
_     0.031384103,   -0.033713888,    0.998914838,\
_    -0.005247605,    0.999383450,    0.033907156,\
_    -0.000029393,   -0.005198486, -322.695526123,\
_    -4.223050594,   76.352546692,  112.409225464,\
_   203.655578613,  441.958129883,  -20.000000000 )
_ set_view (\
_    -0.999451280,   -0.006306781,    0.031184409,\
_     0.031384103,   -0.033713888,    0.998914838,\
_    -0.005247605,    0.999383450,    0.033907156,\
_    -0.000029393,   -0.005198486, -322.695526123,\
_    -4.223050594,   76.352546692,  112.409225464,\
_   203.655578613,  441.958129883,  -20.000000000 )
_ set_view (\
_    -0.998280883,    0.033278245,   -0.047373731,\
_    -0.049442608,   -0.064474441,    0.996669054,\
_     0.030114176,    0.997334778,    0.066022739,\
_    -0.000029393,   -0.005198486, -262.715637207,\
_    -4.223050594,   76.352546692,  112.409225464,\
_   143.675735474,  381.978240967,  -20.000000000 )
_ set_view (\
_    -0.998280883,    0.033278245,   -0.047373731,\
_    -0.049442608,   -0.064474441,    0.996669054,\
_     0.030114176,    0.997334778,    0.066022739,\
_    -0.000029393,   -0.005198486, -262.715637207,\
_    -4.223050594,   76.352546692,  112.409225464,\
_   143.675735474,  381.978240967,  -20.000000000 )
_ set_view (\
_    -0.998280883,    0.033278245,   -0.047373731,\
_    -0.049442608,   -0.064474441,    0.996669054,\
_     0.030114176,    0.997334778,    0.066022739,\
_    -0.000029393,   -0.005198486, -262.715637207,\
_    -4.223050594,   76.352546692,  112.409225464,\
_   143.675735474,  381.978240967,  -20.000000000 )
_ set_view (\
_    -0.998280883,    0.033278245,   -0.047373731,\
_    -0.049442608,   -0.064474441,    0.996669054,\
_     0.030114176,    0.997334778,    0.066022739,\
_    -0.000029393,   -0.005198486, -262.715637207,\
_    -4.223050594,   76.352546692,  112.409225464,\
_   143.675735474,  381.978240967,  -20.000000000 )
_ set_view (\
_    -0.998280883,    0.033278245,   -0.047373731,\
_    -0.049442608,   -0.064474441,    0.996669054,\
_     0.030114176,    0.997334778,    0.066022739,\
_    -0.000029393,   -0.005198486, -262.715637207,\
_    -4.223050594,   76.352546692,  112.409225464,\
_   143.675735474,  381.978240967,  -20.000000000 )
_ set_view (\
_    -0.998280883,    0.033278245,   -0.047373731,\
_    -0.049442608,   -0.064474441,    0.996669054,\
_     0.030114176,    0.997334778,    0.066022739,\
_    -0.000029393,   -0.005198486, -262.715637207,\
_    -4.223050594,   76.352546692,  112.409225464,\
_   143.675735474,  381.978240967,  -20.000000000 )
_ set_view (\
_    -0.998280883,    0.033278245,   -0.047373731,\
_    -0.049442608,   -0.064474441,    0.996669054,\
_     0.030114176,    0.997334778,    0.066022739,\
_    -0.000029393,   -0.005198486, -262.715637207,\
_    -4.223050594,   76.352546692,  112.409225464,\
_   143.675735474,  381.978240967,  -20.000000000 )
_ set_view (\
_    -0.998280883,    0.033278245,   -0.047373731,\
_    -0.049442608,   -0.064474441,    0.996669054,\
_     0.030114176,    0.997334778,    0.066022739,\
_    -0.000029393,   -0.005198486, -262.715637207,\
_    -4.223050594,   76.352546692,  112.409225464,\
_   143.675735474,  381.978240967,  -20.000000000 )
_ set_view (\
_    -0.998280883,    0.033278245,   -0.047373731,\
_    -0.049442608,   -0.064474441,    0.996669054,\
_     0.030114176,    0.997334778,    0.066022739,\
_    -0.000029393,   -0.005198486, -262.715637207,\
_    -4.223050594,   76.352546692,  112.409225464,\
_   143.675735474,  381.978240967,  -20.000000000 )
_ set_view (\
_    -0.998280883,    0.033278245,   -0.047373731,\
_    -0.049442608,   -0.064474441,    0.996669054,\
_     0.030114176,    0.997334778,    0.066022739,\
_    -0.000029393,   -0.005198486, -262.715637207,\
_    -4.223050594,   76.352546692,  112.409225464,\
_   143.675735474,  381.978240967,  -20.000000000 )
_ set_view (\
_    -0.998280883,    0.033278245,   -0.047373731,\
_    -0.049442608,   -0.064474441,    0.996669054,\
_     0.030114176,    0.997334778,    0.066022739,\
_    -0.000029393,   -0.005198486, -262.715637207,\
_    -4.223050594,   76.352546692,  112.409225464,\
_   143.675735474,  381.978240967,  -20.000000000 )
_ set_view (\
_    -0.998280883,    0.033278245,   -0.047373731,\
_    -0.049442608,   -0.064474441,    0.996669054,\
_     0.030114176,    0.997334778,    0.066022739,\
_    -0.000029393,   -0.005198486, -262.715637207,\
_    -4.223050594,   76.352546692,  112.409225464,\
_   143.675735474,  381.978240967,  -20.000000000 )
_ set_view (\
_    -0.998280883,    0.033278245,   -0.047373731,\
_    -0.049442608,   -0.064474441,    0.996669054,\
_     0.030114176,    0.997334778,    0.066022739,\
_    -0.000029393,   -0.005198486, -262.715637207,\
_    -4.223050594,   76.352546692,  112.409225464,\
_   143.675735474,  381.978240967,  -20.000000000 )
_ set_view (\
_    -0.998280883,    0.033278245,   -0.047373731,\
_    -0.049442608,   -0.064474441,    0.996669054,\
_     0.030114176,    0.997334778,    0.066022739,\
_    -0.000029393,   -0.005198486, -262.715637207,\
_    -4.223050594,   76.352546692,  112.409225464,\
_   143.675735474,  381.978240967,  -20.000000000 )
_ set_view (\
_    -0.999941528,   -0.002175900,    0.005312051,\
_     0.005374138,   -0.027574530,    0.999581218,\
_    -0.002027844,    0.999588192,    0.027596748,\
_    -0.000029393,   -0.005198486, -262.715637207,\
_    -4.223050594,   76.352546692,  112.409225464,\
_   143.675735474,  381.978240967,  -20.000000000 )
_ set_view (\
_    -0.999941528,   -0.002175900,    0.005312051,\
_     0.005374138,   -0.027574530,    0.999581218,\
_    -0.002027844,    0.999588192,    0.027596748,\
_    -0.000029393,   -0.005198486, -262.715637207,\
_    -4.223050594,   76.352546692,  112.409225464,\
_   143.675735474,  381.978240967,  -20.000000000 )
_ set_view (\
_    -0.999941528,   -0.002175900,    0.005312051,\
_     0.005374138,   -0.027574530,    0.999581218,\
_    -0.002027844,    0.999588192,    0.027596748,\
_    -0.000029393,   -0.005198486, -262.715637207,\
_    -4.223050594,   76.352546692,  112.409225464,\
_   143.675735474,  381.978240967,  -20.000000000 )
_ set_view (\
_    -0.999941528,   -0.002175900,    0.005312051,\
_     0.005374138,   -0.027574530,    0.999581218,\
_    -0.002027844,    0.999588192,    0.027596748,\
_    -0.000029393,   -0.005198486, -262.715637207,\
_    -4.223050594,   76.352546692,  112.409225464,\
_   143.675735474,  381.978240967,  -20.000000000 )
_ set_view (\
_    -0.999941528,   -0.002175900,    0.005312051,\
_     0.005374138,   -0.027574530,    0.999581218,\
_    -0.002027844,    0.999588192,    0.027596748,\
_    -0.000029393,   -0.005198486, -262.715637207,\
_    -4.223050594,   76.352546692,  112.409225464,\
_   143.675735474,  381.978240967,  -20.000000000 )
_ set_view (\
_    -0.999941528,   -0.002175900,    0.005312051,\
_     0.005374138,   -0.027574530,    0.999581218,\
_    -0.002027844,    0.999588192,    0.027596748,\
_    -0.000029393,   -0.005198486, -262.715637207,\
_    -4.223050594,   76.352546692,  112.409225464,\
_   143.675735474,  381.978240967,  -20.000000000 )
_ set_view (\
_    -0.999941528,   -0.002175900,    0.005312051,\
_     0.005374138,   -0.027574530,    0.999581218,\
_    -0.002027844,    0.999588192,    0.027596748,\
_    -0.000029393,   -0.005198486, -262.715637207,\
_    -4.223050594,   76.352546692,  112.409225464,\
_   143.675735474,  381.978240967,  -20.000000000 )
_ set_view (\
_    -0.999941528,   -0.002175900,    0.005312051,\
_     0.005374138,   -0.027574530,    0.999581218,\
_    -0.002027844,    0.999588192,    0.027596748,\
_    -0.000029393,   -0.005198486, -262.715637207,\
_    -4.223050594,   76.352546692,  112.409225464,\
_   143.675735474,  381.978240967,  -20.000000000 )
_ set_view (\
_    -0.999941528,   -0.002175900,    0.005312051,\
_     0.005374138,   -0.027574530,    0.999581218,\
_    -0.002027844,    0.999588192,    0.027596748,\
_    -0.000029393,   -0.005198486, -262.715637207,\
_    -4.223050594,   76.352546692,  112.409225464,\
_   143.675735474,  381.978240967,  -20.000000000 )
_ set_view (\
_    -0.999941528,   -0.002175900,    0.005312051,\
_     0.005374138,   -0.027574530,    0.999581218,\
_    -0.002027844,    0.999588192,    0.027596748,\
_    -0.000029393,   -0.005198486, -262.715637207,\
_    -4.223050594,   76.352546692,  112.409225464,\
_   143.675735474,  381.978240967,  -20.000000000 )
_ set_view (\
_    -0.999941528,   -0.002175900,    0.005312051,\
_     0.005374138,   -0.027574530,    0.999581218,\
_    -0.002027844,    0.999588192,    0.027596748,\
_    -0.000029393,   -0.005198486, -262.715637207,\
_    -4.223050594,   76.352546692,  112.409225464,\
_   143.675735474,  381.978240967,  -20.000000000 )
_ set_view (\
_    -0.999941528,   -0.002175900,    0.005312051,\
_     0.005374138,   -0.027574530,    0.999581218,\
_    -0.002027844,    0.999588192,    0.027596748,\
_    -0.000029393,   -0.005198486, -262.715637207,\
_    -4.223050594,   76.352546692,  112.409225464,\
_   143.675735474,  381.978240967,  -20.000000000 )
_ set_view (\
_    -0.995385885,   -0.056666762,    0.076882772,\
_     0.085866608,   -0.178357586,    0.980186224,\
_    -0.041831538,    0.982299507,    0.182417497,\
_     0.000107124,   -0.005318146, -267.634887695,\
_    -3.213521242,   76.375335693,  108.107223511,\
_   148.504684448,  386.807281494,  -20.000000000 )
_ set_view (\
_    -0.995385885,   -0.056666762,    0.076882772,\
_     0.085866608,   -0.178357586,    0.980186224,\
_    -0.041831538,    0.982299507,    0.182417497,\
_     0.000107124,   -0.005318146, -267.634887695,\
_    -3.213521242,   76.375335693,  108.107223511,\
_   148.504684448,  386.807281494,  -20.000000000 )
_ set_view (\
_    -0.995385885,   -0.056666762,    0.076882772,\
_     0.085866608,   -0.178357586,    0.980186224,\
_    -0.041831538,    0.982299507,    0.182417497,\
_     0.000107124,   -0.005318146, -267.634887695,\
_    -3.213521242,   76.375335693,  108.107223511,\
_   148.504684448,  386.807281494,  -20.000000000 )
_ set_view (\
_    -0.995385885,   -0.056666762,    0.076882772,\
_     0.085866608,   -0.178357586,    0.980186224,\
_    -0.041831538,    0.982299507,    0.182417497,\
_     0.000107124,   -0.005318146, -267.634887695,\
_    -3.213521242,   76.375335693,  108.107223511,\
_   148.504684448,  386.807281494,  -20.000000000 )
_ set_view (\
_    -0.995385885,   -0.056666762,    0.076882772,\
_     0.085866608,   -0.178357586,    0.980186224,\
_    -0.041831538,    0.982299507,    0.182417497,\
_     0.000107124,   -0.005318146, -267.634887695,\
_    -3.213521242,   76.375335693,  108.107223511,\
_   148.504684448,  386.807281494,  -20.000000000 )
_ set_view (\
_    -0.995385885,   -0.056666762,    0.076882772,\
_     0.085866608,   -0.178357586,    0.980186224,\
_    -0.041831538,    0.982299507,    0.182417497,\
_     0.000107124,   -0.005318146, -267.634887695,\
_    -3.213521242,   76.375335693,  108.107223511,\
_   148.504684448,  386.807281494,  -20.000000000 )
_ set_view (\
_    -0.995385885,   -0.056666762,    0.076882772,\
_     0.085866608,   -0.178357586,    0.980186224,\
_    -0.041831538,    0.982299507,    0.182417497,\
_     0.000107124,   -0.005318146, -267.634887695,\
_    -3.213521242,   76.375335693,  108.107223511,\
_   148.504684448,  386.807281494,  -20.000000000 )
_ set_view (\
_    -0.995385885,   -0.056666762,    0.076882772,\
_     0.085866608,   -0.178357586,    0.980186224,\
_    -0.041831538,    0.982299507,    0.182417497,\
_     0.000107124,   -0.005318146, -267.634887695,\
_    -3.213521242,   76.375335693,  108.107223511,\
_   148.504684448,  386.807281494,  -20.000000000 )
_ set_view (\
_    -0.995385885,   -0.056666762,    0.076882772,\
_     0.085866608,   -0.178357586,    0.980186224,\
_    -0.041831538,    0.982299507,    0.182417497,\
_     0.000107124,   -0.005318146, -267.634887695,\
_    -3.213521242,   76.375335693,  108.107223511,\
_   148.504684448,  386.807281494,  -20.000000000 )
_ set_view (\
_    -0.995385885,   -0.056666762,    0.076882772,\
_     0.085866608,   -0.178357586,    0.980186224,\
_    -0.041831538,    0.982299507,    0.182417497,\
_     0.000107124,   -0.005318146, -267.634887695,\
_    -3.213521242,   76.375335693,  108.107223511,\
_   148.504684448,  386.807281494,  -20.000000000 )
_ set_view (\
_    -0.995385885,   -0.056666762,    0.076882772,\
_     0.085866608,   -0.178357586,    0.980186224,\
_    -0.041831538,    0.982299507,    0.182417497,\
_     0.000107124,   -0.005318146, -267.634887695,\
_    -3.213521242,   76.375335693,  108.107223511,\
_   148.504684448,  386.807281494,  -20.000000000 )
_ set_view (\
_    -0.995385885,   -0.056666762,    0.076882772,\
_     0.085866608,   -0.178357586,    0.980186224,\
_    -0.041831538,    0.982299507,    0.182417497,\
_     0.000107124,   -0.005318146, -267.634887695,\
_    -3.213521242,   76.375335693,  108.107223511,\
_   148.504684448,  386.807281494,  -20.000000000 )
_ set_view (\
_    -0.995385885,   -0.056666762,    0.076882772,\
_     0.085866608,   -0.178357586,    0.980186224,\
_    -0.041831538,    0.982299507,    0.182417497,\
_     0.000107124,   -0.005318146, -267.634887695,\
_    -3.213521242,   76.375335693,  108.107223511,\
_   148.504684448,  386.807281494,  -20.000000000 )
_ set_view (\
_    -0.995385885,   -0.056666762,    0.076882772,\
_     0.085866608,   -0.178357586,    0.980186224,\
_    -0.041831538,    0.982299507,    0.182417497,\
_     0.000107124,   -0.005318146, -267.634887695,\
_    -3.213521242,   76.375335693,  108.107223511,\
_   148.504684448,  386.807281494,  -20.000000000 )
_ set_view (\
_    -0.995385885,   -0.056666762,    0.076882772,\
_     0.085866608,   -0.178357586,    0.980186224,\
_    -0.041831538,    0.982299507,    0.182417497,\
_     0.000107124,   -0.005318146, -267.634887695,\
_    -3.213521242,   76.375335693,  108.107223511,\
_   148.504684448,  386.807281494,  -20.000000000 )
_ set_view (\
_    -0.995385885,   -0.056666762,    0.076882772,\
_     0.085866608,   -0.178357586,    0.980186224,\
_    -0.041831538,    0.982299507,    0.182417497,\
_     0.000107124,   -0.005318146, -267.634887695,\
_    -3.213521242,   76.375335693,  108.107223511,\
_   148.504684448,  386.807281494,  -20.000000000 )
_ set_view (\
_    -0.995385885,   -0.056666762,    0.076882772,\
_     0.085866608,   -0.178357586,    0.980186224,\
_    -0.041831538,    0.982299507,    0.182417497,\
_     0.000107124,   -0.005318146, -267.634887695,\
_    -3.213521242,   76.375335693,  108.107223511,\
_   148.504684448,  386.807281494,  -20.000000000 )
_ set_view (\
_    -0.995385885,   -0.056666762,    0.076882772,\
_     0.085866608,   -0.178357586,    0.980186224,\
_    -0.041831538,    0.982299507,    0.182417497,\
_     0.000107124,   -0.005318146, -267.634887695,\
_    -3.213521242,   76.375335693,  108.107223511,\
_   148.504684448,  386.807281494,  -20.000000000 )
_ set_view (\
_    -0.995385885,   -0.056666762,    0.076882772,\
_     0.085866608,   -0.178357586,    0.980186224,\
_    -0.041831538,    0.982299507,    0.182417497,\
_     0.000107124,   -0.005318146, -267.634887695,\
_    -3.213521242,   76.375335693,  108.107223511,\
_   148.504684448,  386.807281494,  -20.000000000 )
_ set_view (\
_    -0.995385885,   -0.056666762,    0.076882772,\
_     0.085866608,   -0.178357586,    0.980186224,\
_    -0.041831538,    0.982299507,    0.182417497,\
_     0.000107124,   -0.005318146, -267.634887695,\
_    -3.213521242,   76.375335693,  108.107223511,\
_   148.504684448,  386.807281494,  -20.000000000 )
_ set_view (\
_    -0.995385885,   -0.056666762,    0.076882772,\
_     0.085866608,   -0.178357586,    0.980186224,\
_    -0.041831538,    0.982299507,    0.182417497,\
_     0.000107124,   -0.005318146, -267.634887695,\
_    -3.213521242,   76.375335693,  108.107223511,\
_   148.504684448,  386.807281494,  -20.000000000 )
_ set_view (\
_    -0.995385885,   -0.056666762,    0.076882772,\
_     0.085866608,   -0.178357586,    0.980186224,\
_    -0.041831538,    0.982299507,    0.182417497,\
_     0.000107124,   -0.005318146, -267.634887695,\
_    -3.213521242,   76.375335693,  108.107223511,\
_   148.504684448,  386.807281494,  -20.000000000 )
_ set_view (\
_    -0.997551262,    0.035407532,    0.059616495,\
_     0.058374442,   -0.035255879,    0.997648716,\
_     0.037428562,    0.998719454,    0.033115722,\
_     0.000107124,   -0.005318146, -219.600296021,\
_    -3.213521242,   76.375335693,  108.107223511,\
_   100.470031738,  338.772705078,  -20.000000000 )
_ set_view (\
_    -0.997551262,    0.035407532,    0.059616495,\
_     0.058374442,   -0.035255879,    0.997648716,\
_     0.037428562,    0.998719454,    0.033115722,\
_     0.000107124,   -0.005318146, -219.600296021,\
_    -3.213521242,   76.375335693,  108.107223511,\
_   100.470031738,  338.772705078,  -20.000000000 )
_ set_view (\
_    -0.997551262,    0.035407532,    0.059616495,\
_     0.058374442,   -0.035255879,    0.997648716,\
_     0.037428562,    0.998719454,    0.033115722,\
_     0.000107124,   -0.005318146, -219.600296021,\
_    -3.213521242,   76.375335693,  108.107223511,\
_   100.470031738,  338.772705078,  -20.000000000 )
_ set_view (\
_    -0.997551262,    0.035407532,    0.059616495,\
_     0.058374442,   -0.035255879,    0.997648716,\
_     0.037428562,    0.998719454,    0.033115722,\
_     0.000107124,   -0.005318146, -219.600296021,\
_    -3.213521242,   76.375335693,  108.107223511,\
_   100.470031738,  338.772705078,  -20.000000000 )
_ set_view (\
_    -0.997551262,    0.035407532,    0.059616495,\
_     0.058374442,   -0.035255879,    0.997648716,\
_     0.037428562,    0.998719454,    0.033115722,\
_     0.000107124,   -0.005318146, -219.600296021,\
_    -3.213521242,   76.375335693,  108.107223511,\
_   100.470031738,  338.772705078,  -20.000000000 )
_ set_view (\
_    -0.997551262,    0.035407532,    0.059616495,\
_     0.058374442,   -0.035255879,    0.997648716,\
_     0.037428562,    0.998719454,    0.033115722,\
_     0.000107124,   -0.005318146, -219.600296021,\
_    -3.213521242,   76.375335693,  108.107223511,\
_   100.470031738,  338.772705078,  -20.000000000 )
_ set_view (\
_    -0.997551262,    0.035407532,    0.059616495,\
_     0.058374442,   -0.035255879,    0.997648716,\
_     0.037428562,    0.998719454,    0.033115722,\
_     0.000107124,   -0.005318146, -219.600296021,\
_    -3.213521242,   76.375335693,  108.107223511,\
_   100.470031738,  338.772705078,  -20.000000000 )
_ set_view (\
_    -0.997551262,    0.035407532,    0.059616495,\
_     0.058374442,   -0.035255879,    0.997648716,\
_     0.037428562,    0.998719454,    0.033115722,\
_     0.000107124,   -0.005318146, -219.600296021,\
_    -3.213521242,   76.375335693,  108.107223511,\
_   100.470031738,  338.772705078,  -20.000000000 )
_ set_view (\
_    -0.997551262,    0.035407532,    0.059616495,\
_     0.058374442,   -0.035255879,    0.997648716,\
_     0.037428562,    0.998719454,    0.033115722,\
_     0.000107124,   -0.005318146, -219.600296021,\
_    -3.213521242,   76.375335693,  108.107223511,\
_   100.470031738,  338.772705078,  -20.000000000 )
_ set_view (\
_    -0.997551262,    0.035407532,    0.059616495,\
_     0.058374442,   -0.035255879,    0.997648716,\
_     0.037428562,    0.998719454,    0.033115722,\
_     0.000107124,   -0.005318146, -219.600296021,\
_    -3.213521242,   76.375335693,  108.107223511,\
_   100.470031738,  338.772705078,  -20.000000000 )
_ set_view (\
_    -0.997551262,    0.035407532,    0.059616495,\
_     0.058374442,   -0.035255879,    0.997648716,\
_     0.037428562,    0.998719454,    0.033115722,\
_     0.000107124,   -0.005318146, -219.600296021,\
_    -3.213521242,   76.375335693,  108.107223511,\
_   100.470031738,  338.772705078,  -20.000000000 )
_ set_view (\
_    -0.997551262,    0.035407532,    0.059616495,\
_     0.058374442,   -0.035255879,    0.997648716,\
_     0.037428562,    0.998719454,    0.033115722,\
_     0.000107124,   -0.005318146, -219.600296021,\
_    -3.213521242,   76.375335693,  108.107223511,\
_   100.470031738,  338.772705078,  -20.000000000 )
_ set_view (\
_    -0.997551262,    0.035407532,    0.059616495,\
_     0.058374442,   -0.035255879,    0.997648716,\
_     0.037428562,    0.998719454,    0.033115722,\
_     0.000107124,   -0.005318146, -219.600296021,\
_    -3.213521242,   76.375335693,  108.107223511,\
_   100.470031738,  338.772705078,  -20.000000000 )
_ set_view (\
_    -0.997551262,    0.035407532,    0.059616495,\
_     0.058374442,   -0.035255879,    0.997648716,\
_     0.037428562,    0.998719454,    0.033115722,\
_     0.000107124,   -0.005318146, -219.600296021,\
_    -3.213521242,   76.375335693,  108.107223511,\
_   100.470031738,  338.772705078,  -20.000000000 )
_ set_view (\
_    -0.997551262,    0.035407532,    0.059616495,\
_     0.058374442,   -0.035255879,    0.997648716,\
_     0.037428562,    0.998719454,    0.033115722,\
_     0.000107124,   -0.005318146, -219.600296021,\
_    -3.213521242,   76.375335693,  108.107223511,\
_   100.470031738,  338.772705078,  -20.000000000 )
_ set_view (\
_    -0.997551262,    0.035407532,    0.059616495,\
_     0.058374442,   -0.035255879,    0.997648716,\
_     0.037428562,    0.998719454,    0.033115722,\
_     0.000107124,   -0.005318146, -219.600296021,\
_    -3.213521242,   76.375335693,  108.107223511,\
_   100.470031738,  338.772705078,  -20.000000000 )
_ set_view (\
_    -0.997551262,    0.035407532,    0.059616495,\
_     0.058374442,   -0.035255879,    0.997648716,\
_     0.037428562,    0.998719454,    0.033115722,\
_     0.000107124,   -0.005318146, -219.600296021,\
_    -3.213521242,   76.375335693,  108.107223511,\
_   100.470031738,  338.772705078,  -20.000000000 )
_ set_view (\
_    -0.997551262,    0.035407532,    0.059616495,\
_     0.058374442,   -0.035255879,    0.997648716,\
_     0.037428562,    0.998719454,    0.033115722,\
_     0.000107124,   -0.005318146, -219.600296021,\
_    -3.213521242,   76.375335693,  108.107223511,\
_   100.470031738,  338.772705078,  -20.000000000 )
_ set_view (\
_    -0.997551262,    0.035407532,    0.059616495,\
_     0.058374442,   -0.035255879,    0.997648716,\
_     0.037428562,    0.998719454,    0.033115722,\
_     0.000107124,   -0.005318146, -219.600296021,\
_    -3.213521242,   76.375335693,  108.107223511,\
_   100.470031738,  338.772705078,  -20.000000000 )
_ set_view (\
_    -0.997551262,    0.035407532,    0.059616495,\
_     0.058374442,   -0.035255879,    0.997648716,\
_     0.037428562,    0.998719454,    0.033115722,\
_     0.000107124,   -0.005318146, -219.600296021,\
_    -3.213521242,   76.375335693,  108.107223511,\
_   100.470031738,  338.772705078,  -20.000000000 )
_ set_view (\
_    -0.997551262,    0.035407532,    0.059616495,\
_     0.058374442,   -0.035255879,    0.997648716,\
_     0.037428562,    0.998719454,    0.033115722,\
_     0.000107124,   -0.005318146, -219.600296021,\
_    -3.213521242,   76.375335693,  108.107223511,\
_   100.470031738,  338.772705078,  -20.000000000 )
_ set_view (\
_    -0.997551262,    0.035407532,    0.059616495,\
_     0.058374442,   -0.035255879,    0.997648716,\
_     0.037428562,    0.998719454,    0.033115722,\
_     0.000107124,   -0.005318146, -219.600296021,\
_    -3.213521242,   76.375335693,  108.107223511,\
_   100.470031738,  338.772705078,  -20.000000000 )
_ set_view (\
_    -0.997551262,    0.035407532,    0.059616495,\
_     0.058374442,   -0.035255879,    0.997648716,\
_     0.037428562,    0.998719454,    0.033115722,\
_     0.000107124,   -0.005318146, -219.600296021,\
_    -3.213521242,   76.375335693,  108.107223511,\
_   100.470031738,  338.772705078,  -20.000000000 )
_ set_view (\
_    -0.997551262,    0.035407532,    0.059616495,\
_     0.058374442,   -0.035255879,    0.997648716,\
_     0.037428562,    0.998719454,    0.033115722,\
_     0.000107124,   -0.005318146, -219.600296021,\
_    -3.213521242,   76.375335693,  108.107223511,\
_   100.470031738,  338.772705078,  -20.000000000 )
_ set_view (\
_    -0.997551262,    0.035407532,    0.059616495,\
_     0.058374442,   -0.035255879,    0.997648716,\
_     0.037428562,    0.998719454,    0.033115722,\
_     0.000107124,   -0.005318146, -219.600296021,\
_    -3.213521242,   76.375335693,  108.107223511,\
_   100.470031738,  338.772705078,  -20.000000000 )
_ set_view (\
_    -0.997551262,    0.035407532,    0.059616495,\
_     0.058374442,   -0.035255879,    0.997648716,\
_     0.037428562,    0.998719454,    0.033115722,\
_     0.000107124,   -0.005318146, -219.600296021,\
_    -3.213521242,   76.375335693,  108.107223511,\
_   100.470031738,  338.772705078,  -20.000000000 )
_ set_view (\
_    -0.997551262,    0.035407532,    0.059616495,\
_     0.058374442,   -0.035255879,    0.997648716,\
_     0.037428562,    0.998719454,    0.033115722,\
_     0.000107124,   -0.005318146, -219.600296021,\
_    -3.213521242,   76.375335693,  108.107223511,\
_   100.470031738,  338.772705078,  -20.000000000 )
_ set_view (\
_    -0.997551262,    0.035407532,    0.059616495,\
_     0.058374442,   -0.035255879,    0.997648716,\
_     0.037428562,    0.998719454,    0.033115722,\
_     0.000107124,   -0.005318146, -219.600296021,\
_    -3.213521242,   76.375335693,  108.107223511,\
_   100.470031738,  338.772705078,  -20.000000000 )
_ set_view (\
_    -0.997551262,    0.035407532,    0.059616495,\
_     0.058374442,   -0.035255879,    0.997648716,\
_     0.037428562,    0.998719454,    0.033115722,\
_     0.000107124,   -0.005318146, -219.600296021,\
_    -3.213521242,   76.375335693,  108.107223511,\
_   100.470031738,  338.772705078,  -20.000000000 )
_ set_view (\
_    -0.997551262,    0.035407532,    0.059616495,\
_     0.058374442,   -0.035255879,    0.997648716,\
_     0.037428562,    0.998719454,    0.033115722,\
_     0.000107124,   -0.005318146, -219.600296021,\
_    -3.213521242,   76.375335693,  108.107223511,\
_   100.470031738,  338.772705078,  -20.000000000 )
_ set_view (\
_    -0.997551262,    0.035407532,    0.059616495,\
_     0.058374442,   -0.035255879,    0.997648716,\
_     0.037428562,    0.998719454,    0.033115722,\
_     0.000107124,   -0.005318146, -219.600296021,\
_    -3.213521242,   76.375335693,  108.107223511,\
_   100.470031738,  338.772705078,  -20.000000000 )
_ set_view (\
_    -0.997551262,    0.035407532,    0.059616495,\
_     0.058374442,   -0.035255879,    0.997648716,\
_     0.037428562,    0.998719454,    0.033115722,\
_     0.000107124,   -0.005318146, -219.600296021,\
_    -3.213521242,   76.375335693,  108.107223511,\
_   100.470031738,  338.772705078,  -20.000000000 )
_ set_view (\
_    -0.997551262,    0.035407532,    0.059616495,\
_     0.058374442,   -0.035255879,    0.997648716,\
_     0.037428562,    0.998719454,    0.033115722,\
_     0.000107124,   -0.005318146, -219.600296021,\
_    -3.213521242,   76.375335693,  108.107223511,\
_   100.470031738,  338.772705078,  -20.000000000 )
_ set_view (\
_    -0.997551262,    0.035407532,    0.059616495,\
_     0.058374442,   -0.035255879,    0.997648716,\
_     0.037428562,    0.998719454,    0.033115722,\
_     0.000107124,   -0.005318146, -219.600296021,\
_    -3.213521242,   76.375335693,  108.107223511,\
_   100.470031738,  338.772705078,  -20.000000000 )
set_name obj08, NA_2HU4
cmd.create(None,"3CL0")
cmd.create(None,"3CL2")
set_name obj09, NA_3CL0
set_name obj10, NA_3CL2
align NA_3CL0, 2HU4
align NA_3CL2, NA_2HU4
align NA_3CL0, NA_2HU4
save /home/Ubuntu/tk/Projects/BindingPathway/structures/3complexes.pse,format=pse
