select box1_40,resi 435-438 or resi 432 or resi 465-466
cmd.color("white","box1_40")
cmd.disable('box1_40')
cmd.enable('box1_40')
cmd.show("sticks"    ,"box1_40")
cmd.disable('box1_40')
ste
_ set_view (\
_     0.983610868,   -0.179429799,   -0.017647883,\
_     0.180048555,    0.982670009,    0.044082634,\
_     0.009432648,   -0.046536732,    0.998870671,\
_    -0.000007674,   -0.000004970, -289.878234863,\
_     2.826047421,   -4.418957233,   -1.392505050,\
_   242.718261719,  337.037933350,  -20.000000000 )
_ set_view (\
_     0.983610868,   -0.179429799,   -0.017647883,\
_     0.180048555,    0.982670009,    0.044082634,\
_     0.009432648,   -0.046536732,    0.998870671,\
_    -0.000007674,   -0.000004970, -289.878234863,\
_     2.826047421,   -4.418957233,   -1.392505050,\
_   242.718261719,  337.037933350,  -20.000000000 )
_ set_view (\
_     0.983610868,   -0.179429799,   -0.017647883,\
_     0.180048555,    0.982670009,    0.044082634,\
_     0.009432648,   -0.046536732,    0.998870671,\
_    -0.000007674,   -0.000004970, -289.878234863,\
_     2.826047421,   -4.418957233,   -1.392505050,\
_   242.718261719,  337.037933350,  -20.000000000 )
_ set_view (\
_     0.983610868,   -0.179429799,   -0.017647883,\
_     0.180048555,    0.982670009,    0.044082634,\
_     0.009432648,   -0.046536732,    0.998870671,\
_     0.000067032,    0.000000000, -2647.874511719,\
_   -20.857185364,    2.450404644,   -2.105170250,\
_  2625.324462891, 2670.437011719,  -20.000000000 )
_ set_view (\
_     0.983610868,   -0.179429799,   -0.017647883,\
_     0.180048555,    0.982670009,    0.044082634,\
_     0.009432648,   -0.046536732,    0.998870671,\
_     0.000067032,    0.000000000, -457.323760986,\
_   -20.857185364,    2.450404644,   -2.105170250,\
_   434.773651123,  479.886138916,  -20.000000000 )
_ set_view (\
_     0.983610868,   -0.179429799,   -0.017647883,\
_     0.180048555,    0.982670009,    0.044082634,\
_     0.009432648,   -0.046536732,    0.998870671,\
_     0.000067032,    0.000000000, -457.323760986,\
_   -20.857185364,    2.450404644,   -2.105170250,\
_   434.773651123,  479.886138916,  -20.000000000 )
cmd.center("box",animate=-1)
cmd.zoom("box",animate=-1)
# select n294s, resi 294
# select h274y, resi 274
# select b1_40, resi 437+435+436+438+432+466+465
# select b2_50, resi 347+432+371+427+431
# select b3_50, resi 347+118+439+371+427+430+431+432
# select b4_50, resi 151+347+277+406+294+292+371+222+224+152+276
# select b5_50, resi 151+347+227+277+406+292+371+119+156+224+178+179+222+276+152
# select b6_50, resi 151+347+227+277+406+292+294+371+119+156+224+222+178+179+276+152

