visual_cluster-1: -5.73823529412, stddev 0.326612276748, lower -5.9864997625, upper -5.540999425, min -6.3, max -5.1, median -5.70072 
visual_cluster-2: -6.09393939394, stddev 0.364112741576, lower -6.3793330375, upper -5.80879938, min -6.9, max -5.3, median -6.0992 
visual_cluster-3: -5.47222222222, stddev 0.371461667319, lower -5.66628549524, upper -5.31349960278, min -6.1, max -4.3, median -5.50028235294 
visual_cluster-4: -4.83243243243, stddev 0.269829219707, lower -4.967399445, upper -4.63574919375, min -5.7, max -4.5, median -4.79922857143 
visual_cluster-5: -6.49393939394, stddev 0.285566823946, lower -6.63769702763, upper -6.32437446932, min -7.2, max -5.7, median -6.59855487805 
visual_cluster-6: -6.5624, stddev 0.304711391743, lower -6.825449773, upper -6.38236557589, min -7.2, max -5.7, median -6.59919642857 
visual_cluster-7: -5.78759124088, stddev 0.361257048674, lower -6.06520514911, upper -5.61777842404, min -6.5, max -4.6, median -5.800740625 
